parameter	result	time
0	602	201.25
1	630	217.19
2	640	217.24
3	685	205.84
4	634	193.91
5	655	176.66
6	648	181.72
7	640	162.54
8	630	175.45
9	642	196.02
10	686	170.91
11	664	167.45
12	677	179.88
13	685	163.51
14	603	147.00
15	613	155.25
16	652	147.30
17	591	138.73
18	610	135.54
19	644	159.08
20	596	132.05
21	636	137.46
22	605	122.40
23	682	143.82
24	647	139.22
25	644	139.95
26	589	121.26
27	672	137.99
28	621	136.05
29	629	140.94
30	673	131.03
31	655	149.99
32	628	143.01
33	654	142.51
34	618	130.76
35	643	146.33
36	639	141.27
37	667	129.51
38	624	131.07
39	603	116.59
40	618	136.02
41	618	127.83
42	647	132.50
43	659	132.70
44	647	134.71
45	638	132.63
46	601	122.35
47	612	126.52
48	576	130.85
49	645	127.33
50	636	122.87
51	625	114.90
52	643	110.36
53	651	120.96
54	612	104.82
55	639	160.67
56	669	151.11
57	599	120.32
58	636	109.36
59	640	112.87
60	617	109.21
61	614	107.67
62	630	110.32
63	655	115.39
64	624	103.15
65	621	102.52
66	596	102.43
67	610	108.77
68	624	90.92
69	662	101.36
70	665	96.61
71	643	112.08
72	637	93.82
73	617	92.21
74	624	103.03
75	677	101.96
76	638	100.15
77	619	93.43
78	633	96.94
79	647	88.27
80	631	95.73
81	597	88.76
82	633	81.85
83	631	87.72
84	619	89.80
85	659	94.64
86	667	90.36
87	626	88.14
88	658	90.16
89	691	92.80
90	648	103.38
91	602	83.44
92	687	104.49
93	652	86.92
94	654	85.97
95	610	88.77
96	586	86.60
97	676	97.49
98	645	90.62
99	588	76.90
