parameter	result	time
0	602	969.29
1	630	461.48
2	640	371.85
3	685	307.97
4	634	274.96
5	655	235.04
6	648	266.12
7	640	265.59
8	630	234.59
9	642	238.43
10	686	238.16
11	664	236.65
12	677	238.86
13	685	232.43
14	603	215.06
15	613	202.11
16	652	206.88
17	591	188.36
18	610	183.68
19	644	198.08
20	596	174.85
21	636	190.64
22	605	173.43
23	682	206.87
24	647	181.68
25	644	177.26
26	589	169.98
27	672	176.91
28	621	180.86
29	629	163.76
30	673	168.66
31	655	162.03
32	628	169.09
33	654	167.19
34	618	148.32
35	643	151.46
36	639	164.30
37	667	152.25
38	624	139.23
39	603	134.91
40	618	154.04
41	618	140.89
42	647	150.76
43	659	171.12
44	647	138.55
45	638	141.58
46	601	140.27
47	612	143.41
48	576	114.04
49	645	132.84
50	636	139.22
51	625	127.55
52	643	131.43
53	651	138.40
54	612	127.19
55	639	122.13
56	669	135.84
57	599	129.16
58	636	129.29
59	640	130.13
60	617	123.64
61	614	118.64
62	630	128.59
63	655	118.49
64	624	127.82
65	621	125.51
66	596	120.76
67	610	131.55
68	624	116.94
69	662	117.84
70	665	128.51
71	643	123.47
72	637	120.17
73	617	115.39
74	624	111.31
75	677	127.14
76	638	132.43
77	619	110.05
78	633	121.22
79	647	120.61
80	631	125.43
81	597	116.64
82	633	118.92
83	631	110.20
84	619	111.44
85	659	115.49
86	667	124.71
87	626	124.88
88	658	131.82
89	691	118.18
90	648	112.04
91	602	106.49
92	687	122.02
93	652	108.70
94	654	119.66
95	610	108.25
96	586	106.84
97	676	112.37
98	645	128.06
99	588	96.85
