parameter	result	time
0	995	223.49
1	995	215.51
2	962	218.14
3	994	224.22
4	1034	220.21
5	1035	216.82
6	1026	216.74
7	951	216.84
8	1019	227.87
9	978	215.96
10	992	233.68
11	1018	219.74
12	948	223.72
13	993	225.45
14	989	218.06
15	948	214.79
16	975	219.81
17	1048	215.11
18	1042	220.55
19	1014	226.28
20	998	222.54
21	968	219.77
22	1014	220.61
23	990	216.16
24	1043	216.26
25	957	222.54
26	948	218.43
27	1017	218.35
28	1038	219.03
29	1032	215.03
30	983	226.02
31	1024	220.91
32	970	218.19
33	990	215.75
34	1033	216.06
35	1096	217.88
36	1008	225.03
37	1016	224.28
38	1017	219.06
39	998	216.46
40	1053	215.77
41	1008	222.06
42	998	226.59
43	986	223.52
44	1033	214.71
45	965	219.70
46	1035	215.47
47	1031	225.47
48	1014	221.81
49	1002	226.74
50	976	219.48
51	976	215.64
52	982	237.40
53	1005	237.22
54	1009	222.59
55	1036	218.88
56	978	220.01
57	982	222.95
58	1016	220.88
59	1016	216.27
60	961	220.24
61	1009	213.31
62	979	218.77
63	1038	223.99
64	997	220.26
65	1037	213.12
66	1017	220.48
67	1031	218.83
68	1021	221.12
69	1011	228.76
70	978	219.24
71	976	222.63
72	972	217.29
73	1029	217.68
74	1048	221.74
75	976	220.61
76	964	226.78
77	1010	225.09
78	1015	219.20
79	986	220.64
80	1022	222.40
81	999	218.67
82	986	222.98
83	997	221.68
84	993	226.04
85	1014	214.80
86	965	223.31
87	996	223.23
88	1035	219.13
89	986	219.25
90	963	224.09
91	1015	222.33
92	1002	215.14
93	997	217.80
94	1016	217.26
95	1038	218.56
96	1020	222.17
97	1000	227.20
98	984	217.39
99	997	222.88
