parameter	result	time
0	995	1133.76
1	995	569.14
2	962	398.56
3	994	340.35
4	1034	290.71
5	1035	267.90
6	1026	225.66
7	951	202.46
8	1019	184.77
9	978	177.23
10	992	171.32
11	1018	153.42
12	948	164.55
13	993	158.84
14	989	161.22
15	948	149.82
16	975	148.26
17	1048	145.41
18	1042	144.12
19	1014	148.44
20	998	140.96
21	968	140.65
22	1014	135.32
23	990	133.68
24	1043	133.41
25	957	138.11
26	948	131.86
27	1017	142.43
28	1038	138.59
29	1032	140.74
30	983	148.18
31	1024	140.71
32	970	137.44
33	990	135.42
34	1033	136.21
35	1096	148.43
36	1008	139.50
37	1016	140.30
38	1017	140.17
39	998	135.90
40	1053	143.07
41	1008	141.35
42	998	138.20
43	986	141.30
44	1033	141.31
45	965	140.12
46	1035	136.77
47	1031	132.87
48	1014	138.26
49	1002	124.59
50	976	134.98
51	976	141.35
52	982	134.57
53	1005	127.87
54	1009	142.62
55	1036	135.24
56	978	131.89
57	982	132.31
58	1016	135.11
59	1016	130.14
60	961	133.98
61	1009	127.38
62	979	134.22
63	1038	133.72
64	997	135.74
65	1037	127.52
66	1017	141.76
67	1031	135.35
68	1021	129.96
69	1011	128.57
70	978	147.07
71	976	155.31
72	972	126.47
73	1029	135.02
74	1048	139.67
75	976	130.59
76	964	134.87
77	1010	144.13
78	1015	143.37
79	986	133.23
80	1022	135.64
81	999	133.86
82	986	141.35
83	997	130.52
84	993	133.83
85	1014	134.20
86	965	144.42
87	996	130.35
88	1035	136.55
89	986	131.75
90	963	140.87
91	1015	144.49
92	1002	147.56
93	997	147.45
94	1016	144.61
95	1038	134.10
96	1020	137.51
97	1000	145.96
98	984	136.46
99	997	136.23
