parameter	result	time
0	997	355.27
1	1056	380.55
2	1062	386.21
3	1001	361.45
4	1005	383.13
5	1001	396.39
6	1037	370.90
7	997	367.68
8	999	374.66
9	1007	356.41
10	1025	373.69
11	997	364.19
12	969	373.03
13	958	365.55
14	963	375.93
15	1013	351.92
16	989	358.12
17	1052	358.85
18	1048	364.21
19	978	419.76
20	1010	368.32
21	1011	375.87
22	983	378.21
23	1014	374.14
24	1034	346.44
25	1027	367.70
26	997	370.77
27	1006	359.44
28	1000	356.58
29	1057	363.20
30	1057	368.44
31	1031	368.88
32	982	369.61
33	953	367.62
34	1025	363.39
35	995	369.23
36	1022	359.27
37	1073	368.47
38	1035	355.31
39	1018	366.88
40	1015	358.45
41	999	360.82
42	998	352.14
43	915	333.86
44	1025	359.06
45	977	375.35
46	1027	371.90
47	970	359.74
48	1060	371.09
49	1020	388.78
50	955	414.45
51	999	368.14
52	1022	360.69
53	1042	354.53
54	982	401.75
55	1022	381.10
56	962	365.06
57	1012	374.62
58	998	372.92
59	984	365.87
60	1021	360.20
61	1030	359.25
62	959	361.16
63	1014	356.08
64	937	368.35
65	945	349.55
66	1015	362.13
67	1019	367.60
68	1079	369.34
69	986	355.47
70	1056	361.19
71	968	357.89
72	1056	356.25
73	1020	357.96
74	1052	364.97
75	997	361.13
76	998	363.52
77	976	365.37
78	960	370.69
79	968	369.30
80	1002	393.21
81	1004	368.72
82	1065	363.20
83	1010	362.76
84	1004	348.16
85	998	366.23
86	955	359.78
87	1016	363.78
88	991	360.95
89	1005	356.66
90	986	363.33
91	1010	379.44
92	985	365.43
93	1004	351.71
94	975	359.73
95	985	382.05
96	1075	363.77
97	980	365.89
98	939	364.33
99	1022	364.17
