parameter	result	time
0	997	739.28
1	1056	475.45
2	1062	490.43
3	1001	491.81
4	1005	471.75
5	1001	475.57
6	1037	471.34
7	997	472.64
8	999	477.37
9	1007	477.34
10	1025	467.45
11	997	466.08
12	969	535.42
13	958	444.02
14	963	473.44
15	1013	489.86
16	989	462.67
17	1052	465.53
18	1048	462.62
19	978	476.13
20	1010	474.55
21	1011	468.80
22	983	464.69
23	1014	465.41
24	1034	459.30
25	1027	474.15
26	997	481.12
27	1006	461.46
28	1000	463.41
29	1057	480.14
30	1057	495.80
31	1031	465.64
32	982	458.83
33	953	471.34
34	1025	468.79
35	995	473.51
36	1022	463.77
37	1073	464.96
38	1035	470.37
39	1018	480.66
40	1015	470.87
41	999	463.79
42	998	459.53
43	915	465.29
44	1025	453.82
45	977	471.39
46	1027	458.38
47	970	460.30
48	1060	467.40
49	1020	456.87
50	955	488.55
51	999	486.83
52	1022	468.45
53	1042	478.64
54	982	468.04
55	1022	490.48
56	962	482.16
57	1012	460.63
58	998	463.27
59	984	461.99
60	1021	472.94
61	1030	454.43
62	959	481.42
63	1014	463.17
64	937	470.77
65	945	462.56
66	1015	474.42
67	1019	470.72
68	1079	505.62
69	986	471.48
70	1056	473.62
71	968	460.84
72	1056	470.59
73	1020	500.65
74	1052	467.33
75	997	480.12
76	998	477.44
77	976	467.76
78	960	463.20
79	968	471.69
80	1002	454.89
81	1004	462.71
82	1065	470.45
83	1010	463.71
84	1004	453.24
85	998	454.29
86	955	455.34
87	1016	465.46
88	991	457.51
89	1005	457.67
90	986	463.23
91	1010	474.83
92	985	464.63
93	1004	465.16
94	975	454.21
95	985	473.93
96	1075	467.67
97	980	494.53
98	939	459.39
99	1022	459.99
