parameter	result	time
0	1012	184.30
1	1011	183.37
2	1032	179.50
3	1011	170.91
4	1040	175.12
5	1045	177.72
6	1028	174.48
7	1048	173.28
8	922	174.09
9	1045	176.66
10	993	177.62
11	999	174.86
12	991	172.61
13	1033	176.66
14	977	176.45
15	1004	173.57
16	1019	179.09
17	953	170.97
18	1020	179.08
19	1014	174.04
20	1046	179.03
21	970	180.34
22	978	169.12
23	1022	176.74
24	1033	173.05
25	1078	172.94
26	1006	178.28
27	1010	174.55
28	999	172.58
29	949	178.73
30	1016	172.74
31	993	175.62
32	1036	176.45
33	1010	173.90
34	978	183.33
35	1011	176.73
36	971	180.35
37	999	172.59
38	1006	173.04
39	982	174.02
40	1035	170.05
41	1042	178.78
42	971	174.22
43	1023	173.91
44	999	172.74
45	986	179.57
46	993	170.77
47	995	171.48
48	972	180.72
49	997	174.08
50	970	180.35
51	1059	176.81
52	1014	171.93
53	997	171.74
54	1002	187.98
55	1049	196.88
56	972	175.13
57	1049	175.58
58	994	183.90
59	1005	188.17
60	983	178.42
61	1002	173.29
62	998	179.57
63	993	196.31
64	1032	181.95
65	1018	184.53
66	991	182.34
67	990	183.50
68	988	180.56
69	1022	170.20
70	977	177.26
71	958	175.87
72	962	174.81
73	1028	183.20
74	987	175.95
75	995	176.76
76	944	175.68
77	990	177.46
78	945	176.63
79	1015	173.41
80	984	179.27
81	1061	173.14
82	1041	182.63
83	974	181.99
84	997	178.33
85	994	171.88
86	1011	177.58
87	975	174.62
88	1017	181.54
89	995	177.34
90	1027	171.44
91	1026	170.58
92	1029	179.82
93	1013	176.84
94	1068	174.87
95	1008	176.76
96	992	185.54
97	1054	172.26
98	995	174.56
99	964	179.51
