parameter	result	time
0	1012	572.95
1	1011	328.83
2	1032	247.16
3	1011	205.01
4	1040	173.15
5	1045	186.86
6	1028	167.75
7	1048	172.46
8	922	174.81
9	1045	197.78
10	993	175.70
11	999	169.75
12	991	158.24
13	1033	157.72
14	977	155.34
15	1004	153.82
16	1019	171.78
17	953	144.78
18	1020	157.37
19	1014	151.00
20	1046	155.60
21	970	150.34
22	978	147.84
23	1022	151.21
24	1033	158.66
25	1078	151.21
26	1006	150.44
27	1010	150.20
28	999	155.34
29	949	156.06
30	1016	152.92
31	993	154.60
32	1036	158.24
33	1010	150.16
34	978	162.24
35	1011	156.50
36	971	167.37
37	999	162.51
38	1006	161.06
39	982	181.15
40	1035	156.50
41	1042	177.70
42	971	174.97
43	1023	172.41
44	999	198.46
45	986	182.42
46	993	195.96
47	995	219.27
48	972	177.19
49	997	191.38
50	970	209.77
51	1059	186.06
52	1014	174.95
53	997	186.86
54	1002	199.85
55	1049	256.18
56	972	212.87
57	1049	175.83
58	994	167.90
59	1005	146.42
60	983	151.95
61	1002	151.02
62	998	146.98
63	993	158.51
64	1032	157.62
65	1018	155.04
66	991	166.81
67	990	154.72
68	988	146.38
69	1022	152.15
70	977	147.97
71	958	162.05
72	962	148.43
73	1028	165.64
74	987	158.96
75	995	162.13
76	944	150.38
77	990	147.41
78	945	152.90
79	1015	156.58
80	984	152.33
81	1061	149.82
82	1041	148.23
83	974	163.23
84	997	151.19
85	994	148.99
86	1011	151.74
87	975	151.35
88	1017	151.78
89	995	158.85
90	1027	153.12
91	1026	149.32
92	1029	151.47
93	1013	151.13
94	1068	148.93
95	1008	144.23
96	992	148.61
97	1054	149.16
98	995	149.59
99	964	143.77
