parameter	result	time
0	1007	223.68
1	1025	219.37
2	1003	233.42
3	972	243.43
4	1045	232.95
5	1039	225.85
6	1004	228.84
7	1015	239.77
8	987	225.72
9	1034	227.53
10	1022	231.68
11	958	225.98
12	963	223.19
13	975	232.43
14	994	228.60
15	1007	234.52
16	1046	228.24
17	1034	226.92
18	990	223.54
19	1003	230.91
20	1027	232.36
21	1003	230.31
22	997	229.29
23	938	221.96
24	996	230.65
25	1001	232.02
26	987	230.37
27	928	232.61
28	965	223.64
29	994	228.54
30	1022	236.23
31	955	225.49
32	970	229.48
33	1044	236.66
34	1009	234.52
35	965	225.17
36	1028	222.03
37	1065	243.59
38	991	226.72
39	953	230.08
40	973	226.56
41	1014	232.16
42	1031	222.76
43	932	224.88
44	960	227.77
45	909	228.71
46	1011	228.94
47	1015	222.45
48	959	226.61
49	983	231.94
50	974	223.00
51	964	228.05
52	1034	232.97
53	982	221.22
54	1025	227.17
55	956	223.10
56	987	233.80
57	1018	231.13
58	1035	232.07
59	977	230.75
60	1003	225.96
61	933	231.18
62	935	222.98
63	964	228.17
64	1009	234.56
65	983	230.47
66	1022	224.29
67	1007	225.78
68	1056	232.05
69	993	233.95
70	979	231.16
71	1012	230.87
72	1001	227.10
73	976	223.50
74	1022	234.51
75	971	229.17
76	975	232.19
77	1022	229.30
78	931	226.58
79	969	223.24
80	976	221.63
81	981	231.92
82	1062	232.90
83	996	237.68
84	1025	233.75
85	1024	238.08
86	1027	233.03
87	1073	236.02
88	1012	230.07
89	1010	231.88
90	941	230.40
91	994	230.39
92	992	232.32
93	1026	230.26
94	994	231.54
95	946	229.38
96	1045	235.45
97	1026	224.64
98	977	224.68
99	1023	227.42
