parameter	result	time
0	1007	1038.78
1	1025	450.19
2	1003	289.03
3	972	259.70
4	1045	243.45
5	1039	249.57
6	1004	218.33
7	1015	208.99
8	987	203.74
9	1034	201.98
10	1022	197.61
11	958	186.60
12	963	186.18
13	975	177.36
14	994	181.94
15	1007	179.86
16	1046	174.69
17	1034	172.60
18	990	178.33
19	1003	169.22
20	1027	168.33
21	1003	166.89
22	997	165.86
23	938	161.51
24	996	160.09
25	1001	157.94
26	987	158.39
27	928	142.52
28	965	155.13
29	994	157.64
30	1022	151.83
31	955	148.96
32	970	144.18
33	1044	153.42
34	1009	148.89
35	965	152.17
36	1028	153.74
37	1065	147.21
38	991	146.09
39	953	144.08
40	973	153.46
41	1014	147.86
42	1031	149.89
43	932	137.41
44	960	141.37
45	909	137.31
46	1011	145.11
47	1015	143.93
48	959	142.61
49	983	147.16
50	974	143.72
51	964	148.04
52	1034	148.00
53	982	151.08
54	1025	150.20
55	956	151.94
56	987	147.39
57	1018	158.91
58	1035	149.24
59	977	138.63
60	1003	146.14
61	933	138.93
62	935	151.39
63	964	147.45
64	1009	148.12
65	983	143.85
66	1022	200.43
67	1007	149.89
68	1056	168.02
69	993	145.35
70	979	136.19
71	1012	151.42
72	1001	144.38
73	976	148.71
74	1022	147.10
75	971	144.27
76	975	143.74
77	1022	147.85
78	931	141.98
79	969	142.12
80	976	144.90
81	981	152.33
82	1062	146.61
83	996	151.96
84	1025	154.20
85	1024	150.16
86	1027	152.58
87	1073	163.80
88	1012	153.51
89	1010	151.09
90	941	142.73
91	994	152.09
92	992	161.54
93	1026	152.61
94	994	157.09
95	946	144.66
96	1045	158.47
97	1026	153.18
98	977	144.11
99	1023	148.53
